# Blender 3.4.0
# www.blender.org
mtllib Gohei.mtl
o Cube
v 0.200000 1.000000 -1.000000
v 0.200000 -1.000000 -1.000000
v 0.200000 1.000000 1.000000
v 0.200000 -1.000000 1.000000
v -0.200000 1.000000 -1.000000
v -0.200000 -1.000000 -1.000000
v -0.200000 1.000000 1.000000
v -0.200000 -1.000000 1.000000
vn -0.0000 1.0000 -0.0000
vn -0.0000 -0.0000 1.0000
vn -1.0000 -0.0000 -0.0000
vn -0.0000 -1.0000 -0.0000
vn 1.0000 -0.0000 -0.0000
vn -0.0000 -0.0000 -1.0000
vt 0.625000 0.500000
vt 0.375000 0.500000
vt 0.625000 0.750000
vt 0.375000 0.750000
vt 0.875000 0.500000
vt 0.625000 0.250000
vt 0.125000 0.500000
vt 0.375000 0.250000
vt 0.875000 0.750000
vt 0.625000 1.000000
vt 0.625000 0.000000
vt 0.375000 1.000000
vt 0.375000 0.000000
vt 0.125000 0.750000
s 0
usemtl Material.white
f 1/1/1 5/5/1 7/9/1 3/3/1
f 4/4/2 3/3/2 7/10/2 8/12/2
f 8/13/3 7/11/3 5/6/3 6/8/3
f 6/7/4 2/2/4 4/4/4 8/14/4
f 2/2/5 1/1/5 3/3/5 4/4/5
f 6/8/6 5/6/6 1/1/6 2/2/6
o Cube.001
v 0.200000 -0.846447 0.139340
v 0.200000 -2.260660 1.553553
v 0.200000 -0.139340 0.846447
v 0.200000 -1.553553 2.260660
v -0.200000 -0.846447 0.139340
v -0.200000 -2.260660 1.553553
v -0.200000 -0.139340 0.846447
v -0.200000 -1.553553 2.260660
vn -0.0000 0.7071 -0.7071
vn -0.0000 0.7071 0.7071
vn -1.0000 -0.0000 -0.0000
vn -0.0000 -0.7071 0.7071
vn 1.0000 -0.0000 -0.0000
vn -0.0000 -0.7071 -0.7071
vt 0.625000 0.500000
vt 0.375000 0.500000
vt 0.625000 0.750000
vt 0.375000 0.750000
vt 0.875000 0.500000
vt 0.625000 0.250000
vt 0.125000 0.500000
vt 0.375000 0.250000
vt 0.875000 0.750000
vt 0.625000 1.000000
vt 0.625000 0.000000
vt 0.375000 1.000000
vt 0.375000 0.000000
vt 0.125000 0.750000
s 0
usemtl Material.white
f 9/15/7 13/19/7 15/23/7 11/17/7
f 12/18/8 11/17/8 15/24/8 16/26/8
f 16/27/9 15/25/9 13/20/9 14/22/9
f 14/21/10 10/16/10 12/18/10 16/28/10
f 10/16/11 9/15/11 11/17/11 12/18/11
f 14/22/12 13/20/12 9/15/12 10/16/12
o Cube.002
v 0.200000 -2.446447 0.439340
v 0.200000 -3.860660 1.853553
v 0.200000 -1.739340 1.146447
v 0.200000 -3.153553 2.560660
v -0.200000 -2.446447 0.439340
v -0.200000 -3.860660 1.853553
v -0.200000 -1.739340 1.146447
v -0.200000 -3.153553 2.560660
vn -0.0000 0.7071 -0.7071
vn -0.0000 0.7071 0.7071
vn -1.0000 -0.0000 -0.0000
vn -0.0000 -0.7071 0.7071
vn 1.0000 -0.0000 -0.0000
vn -0.0000 -0.7071 -0.7071
vt 0.625000 0.500000
vt 0.375000 0.500000
vt 0.625000 0.750000
vt 0.375000 0.750000
vt 0.875000 0.500000
vt 0.625000 0.250000
vt 0.125000 0.500000
vt 0.375000 0.250000
vt 0.875000 0.750000
vt 0.625000 1.000000
vt 0.625000 0.000000
vt 0.375000 1.000000
vt 0.375000 0.000000
vt 0.125000 0.750000
s 0
usemtl Material.white
f 17/29/13 21/33/13 23/37/13 19/31/13
f 20/32/14 19/31/14 23/38/14 24/40/14
f 24/41/15 23/39/15 21/34/15 22/36/15
f 22/35/16 18/30/16 20/32/16 24/42/16
f 18/30/17 17/29/17 19/31/17 20/32/17
f 22/36/18 21/34/18 17/29/18 18/30/18
o Cube.003
v 0.200000 -4.046447 0.739340
v 0.200000 -5.460660 2.153553
v 0.200000 -3.339340 1.446447
v 0.200000 -4.753553 2.860660
v -0.200000 -4.046447 0.739340
v -0.200000 -5.460660 2.153553
v -0.200000 -3.339340 1.446447
v -0.200000 -4.753553 2.860660
vn -0.0000 0.7071 -0.7071
vn -0.0000 0.7071 0.7071
vn -1.0000 -0.0000 -0.0000
vn -0.0000 -0.7071 0.7071
vn 1.0000 -0.0000 -0.0000
vn -0.0000 -0.7071 -0.7071
vt 0.625000 0.500000
vt 0.375000 0.500000
vt 0.625000 0.750000
vt 0.375000 0.750000
vt 0.875000 0.500000
vt 0.625000 0.250000
vt 0.125000 0.500000
vt 0.375000 0.250000
vt 0.875000 0.750000
vt 0.625000 1.000000
vt 0.625000 0.000000
vt 0.375000 1.000000
vt 0.375000 0.000000
vt 0.125000 0.750000
s 0
usemtl Material.white
f 25/43/19 29/47/19 31/51/19 27/45/19
f 28/46/20 27/45/20 31/52/20 32/54/20
f 32/55/21 31/53/21 29/48/21 30/50/21
f 30/49/22 26/44/22 28/46/22 32/56/22
f 26/44/23 25/43/23 27/45/23 28/46/23
f 30/50/24 29/48/24 25/43/24 26/44/24
o Cube.004
v 0.200000 -4.939340 -1.746446
v 0.200000 -6.353553 -3.160660
v 0.200000 -5.646447 -1.039340
v 0.200000 -7.060660 -2.453553
v -0.200000 -4.939340 -1.746446
v -0.200000 -6.353553 -3.160660
v -0.200000 -5.646447 -1.039340
v -0.200000 -7.060660 -2.453553
vn -0.0000 0.7071 0.7071
vn -0.0000 -0.7071 0.7071
vn -1.0000 -0.0000 -0.0000
vn -0.0000 -0.7071 -0.7071
vn 1.0000 -0.0000 -0.0000
vn -0.0000 0.7071 -0.7071
vt 0.625000 0.500000
vt 0.375000 0.500000
vt 0.625000 0.750000
vt 0.375000 0.750000
vt 0.875000 0.500000
vt 0.625000 0.250000
vt 0.125000 0.500000
vt 0.375000 0.250000
vt 0.875000 0.750000
vt 0.625000 1.000000
vt 0.625000 0.000000
vt 0.375000 1.000000
vt 0.375000 0.000000
vt 0.125000 0.750000
s 0
usemtl Material.white
f 33/57/25 37/61/25 39/65/25 35/59/25
f 36/60/26 35/59/26 39/66/26 40/68/26
f 40/69/27 39/67/27 37/62/27 38/64/27
f 38/63/28 34/58/28 36/60/28 40/70/28
f 34/58/29 33/57/29 35/59/29 36/60/29
f 38/64/30 37/62/30 33/57/30 34/58/30
o Cube.005
v 0.200000 -0.139340 -0.846447
v 0.200000 -1.553553 -2.260660
v 0.200000 -0.846447 -0.139340
v 0.200000 -2.260660 -1.553553
v -0.200000 -0.139340 -0.846447
v -0.200000 -1.553553 -2.260660
v -0.200000 -0.846447 -0.139340
v -0.200000 -2.260660 -1.553553
vn -0.0000 0.7071 0.7071
vn -0.0000 -0.7071 0.7071
vn -1.0000 -0.0000 -0.0000
vn -0.0000 -0.7071 -0.7071
vn 1.0000 -0.0000 -0.0000
vn -0.0000 0.7071 -0.7071
vt 0.625000 0.500000
vt 0.375000 0.500000
vt 0.625000 0.750000
vt 0.375000 0.750000
vt 0.875000 0.500000
vt 0.625000 0.250000
vt 0.125000 0.500000
vt 0.375000 0.250000
vt 0.875000 0.750000
vt 0.625000 1.000000
vt 0.625000 0.000000
vt 0.375000 1.000000
vt 0.375000 0.000000
vt 0.125000 0.750000
s 0
usemtl Material.white
f 41/71/31 45/75/31 47/79/31 43/73/31
f 44/74/32 43/73/32 47/80/32 48/82/32
f 48/83/33 47/81/33 45/76/33 46/78/33
f 46/77/34 42/72/34 44/74/34 48/84/34
f 42/72/35 41/71/35 43/73/35 44/74/35
f 46/78/36 45/76/36 41/71/36 42/72/36
o Cube.006
v 0.200000 -1.739340 -1.146447
v 0.200000 -3.153553 -2.560660
v 0.200000 -2.446447 -0.439340
v 0.200000 -3.860660 -1.853553
v -0.200000 -1.739340 -1.146447
v -0.200000 -3.153553 -2.560660
v -0.200000 -2.446447 -0.439340
v -0.200000 -3.860660 -1.853553
vn -0.0000 0.7071 0.7071
vn -0.0000 -0.7071 0.7071
vn -1.0000 -0.0000 -0.0000
vn -0.0000 -0.7071 -0.7071
vn 1.0000 -0.0000 -0.0000
vn -0.0000 0.7071 -0.7071
vt 0.625000 0.500000
vt 0.375000 0.500000
vt 0.625000 0.750000
vt 0.375000 0.750000
vt 0.875000 0.500000
vt 0.625000 0.250000
vt 0.125000 0.500000
vt 0.375000 0.250000
vt 0.875000 0.750000
vt 0.625000 1.000000
vt 0.625000 0.000000
vt 0.375000 1.000000
vt 0.375000 0.000000
vt 0.125000 0.750000
s 0
usemtl Material.white
f 49/85/37 53/89/37 55/93/37 51/87/37
f 52/88/38 51/87/38 55/94/38 56/96/38
f 56/97/39 55/95/39 53/90/39 54/92/39
f 54/91/40 50/86/40 52/88/40 56/98/40
f 50/86/41 49/85/41 51/87/41 52/88/41
f 54/92/42 53/90/42 49/85/42 50/86/42
o Cube.007
v 0.200000 -3.339340 -1.446447
v 0.200000 -4.753553 -2.860660
v 0.200000 -4.046447 -0.739340
v 0.200000 -5.460660 -2.153553
v -0.200000 -3.339340 -1.446447
v -0.200000 -4.753553 -2.860660
v -0.200000 -4.046447 -0.739340
v -0.200000 -5.460660 -2.153553
vn -0.0000 0.7071 0.7071
vn -0.0000 -0.7071 0.7071
vn -1.0000 -0.0000 -0.0000
vn -0.0000 -0.7071 -0.7071
vn 1.0000 -0.0000 -0.0000
vn -0.0000 0.7071 -0.7071
vt 0.625000 0.500000
vt 0.375000 0.500000
vt 0.625000 0.750000
vt 0.375000 0.750000
vt 0.875000 0.500000
vt 0.625000 0.250000
vt 0.125000 0.500000
vt 0.375000 0.250000
vt 0.875000 0.750000
vt 0.625000 1.000000
vt 0.625000 0.000000
vt 0.375000 1.000000
vt 0.375000 0.000000
vt 0.125000 0.750000
s 0
usemtl Material.white
f 57/99/43 61/103/43 63/107/43 59/101/43
f 60/102/44 59/101/44 63/108/44 64/110/44
f 64/111/45 63/109/45 61/104/45 62/106/45
f 62/105/46 58/100/46 60/102/46 64/112/46
f 58/100/47 57/99/47 59/101/47 60/102/47
f 62/106/48 61/104/48 57/99/48 58/100/48
o Cube.008
v 0.200000 -5.646447 1.039340
v 0.200000 -7.060660 2.453553
v 0.200000 -4.939340 1.746446
v 0.200000 -6.353553 3.160660
v -0.200000 -5.646447 1.039340
v -0.200000 -7.060660 2.453553
v -0.200000 -4.939340 1.746446
v -0.200000 -6.353553 3.160660
vn -0.0000 0.7071 -0.7071
vn -0.0000 0.7071 0.7071
vn -1.0000 -0.0000 -0.0000
vn -0.0000 -0.7071 0.7071
vn 1.0000 -0.0000 -0.0000
vn -0.0000 -0.7071 -0.7071
vt 0.625000 0.500000
vt 0.375000 0.500000
vt 0.625000 0.750000
vt 0.375000 0.750000
vt 0.875000 0.500000
vt 0.625000 0.250000
vt 0.125000 0.500000
vt 0.375000 0.250000
vt 0.875000 0.750000
vt 0.625000 1.000000
vt 0.625000 0.000000
vt 0.375000 1.000000
vt 0.375000 0.000000
vt 0.125000 0.750000
s 0
usemtl Material.white
f 65/113/49 69/117/49 71/121/49 67/115/49
f 68/116/50 67/115/50 71/122/50 72/124/50
f 72/125/51 71/123/51 69/118/51 70/120/51
f 70/119/52 66/114/52 68/116/52 72/126/52
f 66/114/53 65/113/53 67/115/53 68/116/53
f 70/120/54 69/118/54 65/113/54 66/114/54
o Cylinder
v 0.000000 -11.000000 -0.300000
v 0.000000 1.000000 -0.300000
v 0.058527 -11.000000 -0.294236
v 0.058527 1.000000 -0.294236
v 0.114805 -11.000000 -0.277164
v 0.114805 1.000000 -0.277164
v 0.166671 -11.000000 -0.249441
v 0.166671 1.000000 -0.249441
v 0.212132 -11.000000 -0.212132
v 0.212132 1.000000 -0.212132
v 0.249441 -11.000000 -0.166671
v 0.249441 1.000000 -0.166671
v 0.277164 -11.000000 -0.114805
v 0.277164 1.000000 -0.114805
v 0.294236 -11.000000 -0.058527
v 0.294236 1.000000 -0.058527
v 0.300000 -11.000000 0.000000
v 0.300000 1.000000 0.000000
v 0.294236 -11.000000 0.058527
v 0.294236 1.000000 0.058527
v 0.277164 -11.000000 0.114805
v 0.277164 1.000000 0.114805
v 0.249441 -11.000000 0.166671
v 0.249441 1.000000 0.166671
v 0.212132 -11.000000 0.212132
v 0.212132 1.000000 0.212132
v 0.166671 -11.000000 0.249441
v 0.166671 1.000000 0.249441
v 0.114805 -11.000000 0.277164
v 0.114805 1.000000 0.277164
v 0.058527 -11.000000 0.294236
v 0.058527 1.000000 0.294236
v 0.000000 -11.000000 0.300000
v 0.000000 1.000000 0.300000
v -0.058527 -11.000000 0.294236
v -0.058527 1.000000 0.294236
v -0.114805 -11.000000 0.277164
v -0.114805 1.000000 0.277164
v -0.166671 -11.000000 0.249441
v -0.166671 1.000000 0.249441
v -0.212132 -11.000000 0.212132
v -0.212132 1.000000 0.212132
v -0.249441 -11.000000 0.166671
v -0.249441 1.000000 0.166671
v -0.277164 -11.000000 0.114805
v -0.277164 1.000000 0.114805
v -0.294236 -11.000000 0.058527
v -0.294236 1.000000 0.058527
v -0.300000 -11.000000 0.000000
v -0.300000 1.000000 0.000000
v -0.294236 -11.000000 -0.058527
v -0.294236 1.000000 -0.058527
v -0.277164 -11.000000 -0.114805
v -0.277164 1.000000 -0.114805
v -0.249441 -11.000000 -0.166671
v -0.249441 1.000000 -0.166671
v -0.212132 -11.000000 -0.212132
v -0.212132 1.000000 -0.212132
v -0.166671 -11.000000 -0.249441
v -0.166671 1.000000 -0.249441
v -0.114805 -11.000000 -0.277164
v -0.114805 1.000000 -0.277164
v -0.058527 -11.000000 -0.294236
v -0.058527 1.000000 -0.294236
vn 0.0980 -0.0000 -0.9952
vn 0.2903 -0.0000 -0.9569
vn 0.4714 -0.0000 -0.8819
vn 0.6344 -0.0000 -0.7730
vn 0.7730 -0.0000 -0.6344
vn 0.8819 -0.0000 -0.4714
vn 0.9569 -0.0000 -0.2903
vn 0.9952 -0.0000 -0.0980
vn 0.9952 -0.0000 0.0980
vn 0.9569 -0.0000 0.2903
vn 0.8819 -0.0000 0.4714
vn 0.7730 -0.0000 0.6344
vn 0.6344 -0.0000 0.7730
vn 0.4714 -0.0000 0.8819
vn 0.2903 -0.0000 0.9569
vn 0.0980 -0.0000 0.9952
vn -0.0980 -0.0000 0.9952
vn -0.2903 -0.0000 0.9569
vn -0.4714 -0.0000 0.8819
vn -0.6344 -0.0000 0.7730
vn -0.7730 -0.0000 0.6344
vn -0.8819 -0.0000 0.4714
vn -0.9569 -0.0000 0.2903
vn -0.9952 -0.0000 0.0980
vn -0.9952 -0.0000 -0.0980
vn -0.9569 -0.0000 -0.2903
vn -0.8819 -0.0000 -0.4714
vn -0.7730 -0.0000 -0.6344
vn -0.6344 -0.0000 -0.7730
vn -0.4714 -0.0000 -0.8819
vn -0.0000 1.0000 -0.0000
vn -0.2903 -0.0000 -0.9569
vn -0.0980 -0.0000 -0.9952
vn -0.0000 -1.0000 -0.0000
vt 1.000000 0.500000
vt 0.000000 0.500000
vt 0.750000 0.490000
vt 1.000000 1.000000
vt 0.250000 0.490000
vt 0.000000 1.000000
vt 0.968750 0.500000
vt 0.796822 0.485388
vt 0.968750 1.000000
vt 0.296822 0.485388
vt 0.937500 0.500000
vt 0.841844 0.471731
vt 0.937500 1.000000
vt 0.341844 0.471731
vt 0.906250 0.500000
vt 0.883337 0.449553
vt 0.906250 1.000000
vt 0.383337 0.449553
vt 0.875000 0.500000
vt 0.919706 0.419706
vt 0.875000 1.000000
vt 0.419706 0.419706
vt 0.843750 0.500000
vt 0.949553 0.383337
vt 0.843750 1.000000
vt 0.449553 0.383337
vt 0.812500 0.500000
vt 0.971731 0.341844
vt 0.812500 1.000000
vt 0.471731 0.341844
vt 0.781250 0.500000
vt 0.985388 0.296822
vt 0.781250 1.000000
vt 0.485388 0.296822
vt 0.750000 0.500000
vt 0.990000 0.250000
vt 0.750000 1.000000
vt 0.490000 0.250000
vt 0.718750 0.500000
vt 0.985388 0.203178
vt 0.718750 1.000000
vt 0.485388 0.203178
vt 0.687500 0.500000
vt 0.971731 0.158156
vt 0.687500 1.000000
vt 0.471731 0.158156
vt 0.656250 0.500000
vt 0.949553 0.116663
vt 0.656250 1.000000
vt 0.449553 0.116663
vt 0.625000 0.500000
vt 0.919706 0.080294
vt 0.625000 1.000000
vt 0.419706 0.080294
vt 0.593750 0.500000
vt 0.883337 0.050447
vt 0.593750 1.000000
vt 0.383337 0.050447
vt 0.562500 0.500000
vt 0.841844 0.028269
vt 0.562500 1.000000
vt 0.341844 0.028269
vt 0.531250 0.500000
vt 0.796822 0.014612
vt 0.531250 1.000000
vt 0.296822 0.014612
vt 0.500000 0.500000
vt 0.750000 0.010000
vt 0.500000 1.000000
vt 0.250000 0.010000
vt 0.468750 0.500000
vt 0.703178 0.014612
vt 0.468750 1.000000
vt 0.203178 0.014612
vt 0.437500 0.500000
vt 0.658156 0.028269
vt 0.437500 1.000000
vt 0.158156 0.028269
vt 0.406250 0.500000
vt 0.616663 0.050447
vt 0.406250 1.000000
vt 0.116663 0.050447
vt 0.375000 0.500000
vt 0.580294 0.080294
vt 0.375000 1.000000
vt 0.080294 0.080294
vt 0.343750 0.500000
vt 0.550447 0.116663
vt 0.343750 1.000000
vt 0.050447 0.116663
vt 0.312500 0.500000
vt 0.528269 0.158156
vt 0.312500 1.000000
vt 0.028269 0.158156
vt 0.281250 0.500000
vt 0.514612 0.203178
vt 0.281250 1.000000
vt 0.014612 0.203178
vt 0.250000 0.500000
vt 0.510000 0.250000
vt 0.250000 1.000000
vt 0.010000 0.250000
vt 0.218750 0.500000
vt 0.514612 0.296822
vt 0.218750 1.000000
vt 0.014612 0.296822
vt 0.187500 0.500000
vt 0.528269 0.341844
vt 0.187500 1.000000
vt 0.028269 0.341844
vt 0.156250 0.500000
vt 0.550447 0.383337
vt 0.156250 1.000000
vt 0.050447 0.383337
vt 0.125000 0.500000
vt 0.580294 0.419706
vt 0.125000 1.000000
vt 0.080294 0.419706
vt 0.093750 0.500000
vt 0.616663 0.449553
vt 0.093750 1.000000
vt 0.116663 0.449553
vt 0.062500 0.500000
vt 0.658156 0.471731
vt 0.158156 0.471731
vt 0.062500 1.000000
vt 0.031250 0.500000
vt 0.703178 0.485388
vt 0.203178 0.485388
vt 0.031250 1.000000
s 0
usemtl Material.beige
f 73/127/55 74/130/55 76/135/55 75/133/55
f 75/133/56 76/135/56 78/139/56 77/137/56
f 77/137/57 78/139/57 80/143/57 79/141/57
f 79/141/58 80/143/58 82/147/58 81/145/58
f 81/145/59 82/147/59 84/151/59 83/149/59
f 83/149/60 84/151/60 86/155/60 85/153/60
f 85/153/61 86/155/61 88/159/61 87/157/61
f 87/157/62 88/159/62 90/163/62 89/161/62
f 89/161/63 90/163/63 92/167/63 91/165/63
f 91/165/64 92/167/64 94/171/64 93/169/64
f 93/169/65 94/171/65 96/175/65 95/173/65
f 95/173/66 96/175/66 98/179/66 97/177/66
f 97/177/67 98/179/67 100/183/67 99/181/67
f 99/181/68 100/183/68 102/187/68 101/185/68
f 101/185/69 102/187/69 104/191/69 103/189/69
f 103/189/70 104/191/70 106/195/70 105/193/70
f 105/193/71 106/195/71 108/199/71 107/197/71
f 107/197/72 108/199/72 110/203/72 109/201/72
f 109/201/73 110/203/73 112/207/73 111/205/73
f 111/205/74 112/207/74 114/211/74 113/209/74
f 113/209/75 114/211/75 116/215/75 115/213/75
f 115/213/76 116/215/76 118/219/76 117/217/76
f 117/217/77 118/219/77 120/223/77 119/221/77
f 119/221/78 120/223/78 122/227/78 121/225/78
f 121/225/79 122/227/79 124/231/79 123/229/79
f 123/229/80 124/231/80 126/235/80 125/233/80
f 125/233/81 126/235/81 128/239/81 127/237/81
f 127/237/82 128/239/82 130/243/82 129/241/82
f 129/241/83 130/243/83 132/247/83 131/245/83
f 131/245/84 132/247/84 134/252/84 133/249/84
f 76/136/85 74/131/85 136/255/85 134/251/85 132/248/85 130/244/85 128/240/85 126/236/85 124/232/85 122/228/85 120/224/85 118/220/85 116/216/85 114/212/85 112/208/85 110/204/85 108/200/85 106/196/85 104/192/85 102/188/85 100/184/85 98/180/85 96/176/85 94/172/85 92/168/85 90/164/85 88/160/85 86/156/85 84/152/85 82/148/85 80/144/85 78/140/85
f 133/249/86 134/252/86 136/256/86 135/253/86
f 135/253/87 136/256/87 74/132/87 73/128/87
f 73/129/88 75/134/88 77/138/88 79/142/88 81/146/88 83/150/88 85/154/88 87/158/88 89/162/88 91/166/88 93/170/88 95/174/88 97/178/88 99/182/88 101/186/88 103/190/88 105/194/88 107/198/88 109/202/88 111/206/88 113/210/88 115/214/88 117/218/88 119/222/88 121/226/88 123/230/88 125/234/88 127/238/88 129/242/88 131/246/88 133/250/88 135/254/88
